## DEGs of mapped genes


## T0s VS T14s ##


## NS (469)
Comparison of groups:  2-1 
                    logFC    logCPM       PValue          FDR
XM_048722159.1 -2.5213319  6.574034 5.795999e-30 3.898389e-26
XM_048722160.1 -2.3722544  6.009253 1.217256e-22 4.093631e-19
XM_048725419.1  3.2426888  8.423007 5.981208e-21 1.340987e-17
XM_032371448.2  2.6369726  6.727907 1.763132e-20 2.964707e-17
XM_032365057.2 -1.9196308  5.273584 3.325571e-19 4.473558e-16
XM_048729797.1  1.8860847  6.483158 5.951691e-18 6.671845e-15
XM_001631917.3 -1.9703229  6.413096 9.619291e-18 9.242764e-15
XM_032381798.2  2.1670069  6.785579 4.242978e-17 3.567283e-14
XM_048733772.1 -1.7403715  5.792454 2.375680e-16 1.775425e-13
XR_007306253.1 -1.8202388  6.535892 3.049900e-16 2.051363e-13
XM_032384595.2 -2.1285330  5.748554 3.024611e-15 1.849412e-12
XM_048733739.1 -2.4154256  6.430064 5.619980e-15 3.149999e-12
XM_048721139.1 -2.0643652  5.717797 1.340080e-14 6.933366e-12
XM_001631422.3 -1.5299430  4.948986 2.774926e-14 1.333154e-11
XR_004296111.2 -1.7717113  4.933644 6.562253e-14 2.942514e-11
XM_032364702.2  1.9128984  6.841918 9.109715e-14 3.829496e-11
XM_048722170.1  2.3325312  6.187600 2.099127e-13 8.305135e-11
XM_032380597.2  1.8254377  5.277233 4.275580e-13 1.597642e-10
XR_007314237.1 -3.0095314  5.717629 4.656855e-13 1.648527e-10
XM_001626916.3 -1.6214676  4.669120 9.437511e-13 3.173835e-10
XM_032381817.2  1.8675007  6.547425 1.597535e-12 4.996857e-10
XR_007307279.1 -3.1908542  6.142550 1.634416e-12 4.996857e-10
XM_001636932.3 -1.5293531  6.317579 2.450957e-12 7.167452e-10
XM_048731924.1 -1.9574014  6.513282 2.995847e-12 8.395863e-10
XM_001628740.3 -1.5554138  8.908237 3.135992e-12 8.437073e-10
XM_048730410.1 -1.3861312  5.219857 7.747709e-12 2.004273e-09
XM_032381836.2  1.6835888  6.470863 1.258271e-11 3.134492e-09
XM_032377385.2 -1.9682178  6.668490 1.345226e-11 3.231425e-09
XM_032375894.2 -1.4124512  4.832703 2.362917e-11 5.480337e-09
XM_048725998.1  2.0954307  6.220850 2.533924e-11 5.681057e-09
XM_001636779.3  1.5537068  5.421816 2.962082e-11 6.426762e-09
XM_048725113.1 -1.3324563  4.879795 3.376464e-11 7.096905e-09
XR_007312608.1 -1.7733130  5.549572 4.020980e-11 8.195488e-09
XM_048724181.1 -1.8351015  7.203925 5.785966e-11 1.144600e-08
XM_032373961.2  1.4753740  6.393471 9.508287e-11 1.827221e-08
XM_048720646.1 -1.4725205  6.027739 1.406790e-10 2.628353e-08
XM_032364677.2  1.6152971  8.476179 1.854025e-10 3.370317e-08
XM_048724444.1 -1.4069715  8.704339 3.240587e-10 5.735839e-08
XM_001639370.3  1.5916623  5.298250 4.865704e-10 8.391469e-08
XM_001637574.3 -1.5250979  7.340094 5.655256e-10 9.509313e-08
XM_032385159.2  1.4639616  5.220252 6.237963e-10 1.023330e-07
XM_032363883.2 -1.3506352  5.341880 1.090865e-09 1.746943e-07
XM_048732559.1 -2.1982213  5.013625 1.133054e-09 1.772307e-07
XR_007306819.1  2.2122180  6.402858 1.169035e-09 1.787030e-07
XM_032384412.2 -1.2548484  4.825207 1.209869e-09 1.808350e-07
XM_001624583.3 -1.2603566  4.415444 1.384666e-09 2.024623e-07
XM_048720444.1  1.3378531  5.974979 1.596418e-09 2.284576e-07
XM_048722169.1  2.2200905  5.704868 2.379989e-09 3.334960e-07
XM_048734432.1 -1.2433081  6.296868 2.519389e-09 3.458247e-07
XM_032386927.2  1.2600303  5.969091 2.758802e-09 3.711140e-07
XR_007306442.1 -1.1367088  4.608214 3.326775e-09 4.387429e-07
XM_032378637.2 -1.5995690  7.302121 3.518110e-09 4.489262e-07
XM_032362243.2  1.2633678  5.421343 3.537480e-09 4.489262e-07
XM_032365054.2 -2.4180981  8.392071 3.729567e-09 4.645382e-07
XM_032367285.2  1.6671091  5.436072 3.822760e-09 4.674888e-07
XM_032385537.2 -1.4897842  5.462793 4.597734e-09 5.475678e-07
XM_048727755.1 -1.3957594  5.187556 4.640405e-09 5.475678e-07
XM_048725092.1  1.2047374  5.373012 7.035851e-09 8.159162e-07
XM_048720966.1  1.8512539  6.058683 7.826706e-09 8.922445e-07
XM_032377986.2  1.1555921  6.111813 8.539846e-09 9.473432e-07
XM_032366183.2 -1.2459047  4.675440 8.591724e-09 9.473432e-07
XR_007307164.1 -1.2286403  4.958630 8.837807e-09 9.587595e-07
XM_001633601.3 -1.3751015  5.455508 9.025054e-09 9.635320e-07
XM_032367765.2  1.3420271  5.841669 9.535903e-09 1.002164e-06
XM_048721466.1 -1.3382887  8.163811 1.088311e-08 1.126151e-06
XM_032381131.2  1.3228281  4.778763 1.271978e-08 1.296262e-06
XM_048726696.1  1.1620261  5.172727 1.327758e-08 1.332911e-06
XM_032385144.2 -1.2319034  6.111448 1.368510e-08 1.340478e-06
XM_001623270.3 -1.1260937  5.721388 1.375155e-08 1.340478e-06
XM_048732914.1 -1.2471521  5.094327 1.490052e-08 1.420058e-06
XM_032387420.2  1.5188362  7.678768 1.499020e-08 1.420058e-06
XM_001636816.3  1.5740458  7.021528 1.618595e-08 1.512037e-06
XM_032364675.2  1.4211254  7.448603 1.934344e-08 1.778003e-06
XM_048720927.1 -2.3569833  6.630639 1.956174e-08 1.778003e-06
XR_007306627.1 -2.2027462  7.759817 2.345499e-08 2.103444e-06
XM_048732544.1  1.4543563  4.906684 2.560321e-08 2.265884e-06
XM_048725404.1 -1.2731817  7.092422 2.811172e-08 2.455577e-06
XM_048729734.1 -1.2026687  5.335958 2.962545e-08 2.554625e-06
XM_001630068.3  1.5290421  7.408103 3.337212e-08 2.841277e-06
XM_048733318.1 -1.2404019  5.690828 3.873788e-08 3.221379e-06
XR_007313759.1 -0.9974938  4.077698 3.879448e-08 3.221379e-06
XM_032383008.2  1.4382328  4.941510 4.120659e-08 3.379946e-06
XM_032386693.2  1.4741881  5.668567 4.427678e-08 3.588019e-06
XM_001641929.3 -1.0628631  4.724773 4.765453e-08 3.815767e-06
XM_048729371.1  1.0852770  6.024423 5.514728e-08 4.323569e-06
XM_048732270.1  1.4960232 10.330414 5.528203e-08 4.323569e-06
XM_048727213.1  0.9862157  4.414713 5.932848e-08 4.574862e-06
XM_001625226.3 -1.0531192  4.735704 5.985546e-08 4.574862e-06
XM_048721268.1 -1.0775431  5.319938 6.305888e-08 4.765551e-06
XM_048723557.1 -1.4157582  5.657128 6.462227e-08 4.829437e-06
XM_048723628.1 -1.1001609  4.476230 7.294738e-08 5.391693e-06
XM_048727409.1 -0.9475990  4.172173 7.391353e-08 5.403722e-06
XM_032372897.2 -1.1062445  5.331778 8.895486e-08 6.433445e-06
XM_048725085.1 -2.4237981  6.913037 9.525955e-08 6.816125e-06
XM_048719902.1  1.0706592  5.412657 9.768226e-08 6.915904e-06
XM_048720462.1  1.2183809  5.065073 1.006285e-07 7.050288e-06
XM_032373970.2  1.0966887  5.549936 1.187942e-07 8.237214e-06
XM_032369016.2 -1.6249961  4.763010 1.319340e-07 9.054982e-06
XM_001622287.3  1.9008316  6.342748 1.495861e-07 1.016279e-05
XM_048724548.1 -1.0164225  4.289629 1.745698e-07 1.163544e-05
XM_048734086.1  1.5947239  5.563800 1.747219e-07 1.163544e-05
XM_048720799.1  1.3969771  5.684471 1.829663e-07 1.206501e-05
XM_032380321.2 -0.9973873  4.586814 2.032021e-07 1.326929e-05
XM_001641807.3  1.3523112  4.866407 2.157253e-07 1.390601e-05
XM_048722917.1 -1.1003975  4.286319 2.170876e-07 1.390601e-05
XM_032366022.2  1.4177594  4.884048 2.496088e-07 1.583839e-05
XM_048720920.1 -1.1190396  4.652866 2.597757e-07 1.619086e-05
XR_007308206.1 -1.1943418  5.028979 2.599781e-07 1.619086e-05
XM_001619797.3  1.1861292  5.057252 2.976246e-07 1.835257e-05
XM_048724741.1  1.9940519  9.445782 3.023067e-07 1.835257e-05
XM_001626671.3 -1.0259780  5.605669 3.028747e-07 1.835257e-05
XM_032366283.2  1.7750345  6.570776 3.115533e-07 1.870989e-05
XM_048723498.1  1.1113297  7.256700 3.620421e-07 2.154951e-05
XM_048723494.1  1.0552623  6.061415 3.802909e-07 2.243716e-05
XM_001630411.3 -1.0415896  5.310438 4.106231e-07 2.401610e-05
XM_048733738.1 -1.9911577  6.243884 4.184960e-07 2.426555e-05
XM_032384093.2  1.1245118  6.826660 4.584396e-07 2.635440e-05
XM_032386726.2 -1.1107299  7.071121 4.722650e-07 2.691910e-05
XM_001640910.3  1.4605174  5.893438 5.579253e-07 3.153450e-05
XM_032380381.2 -1.1031079  4.610479 5.954135e-07 3.337293e-05
XM_048732713.1  1.0026423  4.635443 6.105976e-07 3.394116e-05
XM_032382924.2 -0.9667052  4.766949 6.279349e-07 3.461877e-05
XM_048724186.1  1.4286201  5.697416 6.393031e-07 3.495897e-05
XM_032366282.2  1.4419665  6.021589 7.067844e-07 3.833736e-05
XM_032375406.2 -1.1804918  5.162243 7.267438e-07 3.910463e-05
XM_032369459.2 -0.9596980  4.306951 7.439396e-07 3.971220e-05
XM_048721305.1  1.6620946  8.472836 7.563161e-07 4.005498e-05
XM_048725109.1  1.5913513  7.840154 8.897894e-07 4.675565e-05
XM_032381933.2  1.0372827  5.082351 9.174082e-07 4.783323e-05
XM_032383013.2 -1.1372762  5.126529 9.824999e-07 5.083304e-05
XM_001628020.3 -1.1970465  5.853479 1.000267e-06 5.135723e-05
XM_032363196.2 -1.0123590  4.226486 1.102237e-06 5.616401e-05
XM_032373875.2 -1.1648041  7.402318 1.115310e-06 5.640282e-05
XM_001633335.3 -1.0933612  8.337889 1.158426e-06 5.814605e-05
XM_032373529.2 -0.8747742  4.149651 1.221501e-06 6.073459e-05
XR_007307206.1  1.8773494  8.378976 1.228056e-06 6.073459e-05
XM_032385462.2  0.9623242  4.551586 1.301170e-06 6.388080e-05
XM_048734670.1  1.5186443  5.680908 1.362804e-06 6.642187e-05
XM_048728026.1 -1.4776170  6.523459 1.491978e-06 7.219456e-05
XM_032375362.2  1.3077661  6.390024 1.537171e-06 7.385008e-05
XM_032380975.2  1.0835500  8.053935 1.571706e-06 7.497373e-05
XM_001626761.3 -1.0530468  6.998419 1.597289e-06 7.565751e-05
XR_004295687.2  1.9266030  5.654593 1.693170e-06 7.963818e-05
XM_048731319.1 -0.9665497  5.323811 1.709622e-06 7.985357e-05
XM_048721809.1 -0.9400141  5.867273 2.000874e-06 9.281297e-05
XM_048730053.1  1.1713574  6.441339 2.196932e-06 1.006961e-04
XM_048728555.1 -1.0651498  4.518028 2.200763e-06 1.006961e-04
XM_001634477.3 -0.9845368  4.740842 2.278279e-06 1.035386e-04
XM_032363960.2  1.0879283  5.835116 2.295053e-06 1.036008e-04
XM_001630315.3 -0.9246906  5.084192 2.319765e-06 1.040182e-04
XM_048730433.1  0.9684928  5.230994 2.457264e-06 1.094540e-04
XM_001627064.3 -1.3220613  7.442460 2.491143e-06 1.102331e-04
XM_048729796.1  1.4308359  7.646338 2.510169e-06 1.103490e-04
XM_048734697.1 -0.9561897  5.488242 2.642259e-06 1.154015e-04
XM_048724737.1 -1.2563161  6.036434 2.697880e-06 1.170706e-04
XM_001630535.3 -0.8430919  4.419215 2.717557e-06 1.171685e-04
XM_048732936.1 -1.4021380  4.639503 2.772219e-06 1.187640e-04
XM_048723705.1  1.0861825  6.076439 3.034409e-06 1.291736e-04
XM_048731204.1 -1.1201181  4.799024 3.116069e-06 1.306256e-04
XM_048724165.1 -1.2444175  4.710688 3.124911e-06 1.306256e-04
XM_032377758.1  1.1329442  5.295668 3.126781e-06 1.306256e-04
XM_048725000.1 -1.1369223  8.624922 3.194656e-06 1.326374e-04
XM_001635555.3 -1.0997950  6.703484 3.251490e-06 1.341688e-04
XM_048733179.1  1.5799313  5.574395 3.323792e-06 1.363160e-04
XR_007312590.1 -0.9316533  4.796401 3.375540e-06 1.375993e-04
XR_004295015.2  1.1898188  5.147547 3.579212e-06 1.450228e-04
XM_048726312.1  1.2384139  5.531620 3.641228e-06 1.466521e-04
XM_032376510.2 -0.9806121  4.373989 4.097460e-06 1.629695e-04
XM_048728572.1  1.0792552  5.110732 4.117511e-06 1.629695e-04
XM_048726741.1  1.3797086  5.121337 4.119063e-06 1.629695e-04
XM_032380122.2  1.0319604  5.534998 4.258191e-06 1.674889e-04
XM_001627599.3 -1.0392283  7.071093 4.481218e-06 1.752365e-04
XM_048726510.1 -0.9758641  6.207900 4.613608e-06 1.793707e-04
XM_001627279.3 -0.8842767  4.858921 4.708832e-06 1.820207e-04
XM_048725767.1  1.2647033  8.081056 4.924606e-06 1.892737e-04
XM_032371555.2 -1.7917139  4.888959 5.280064e-06 2.017824e-04
XM_032383978.2 -0.8628057  4.229678 5.568894e-06 2.116180e-04
XM_032370287.2 -1.1620694  8.870190 5.617198e-06 2.122543e-04
XR_007312399.1 -0.8412752  4.147766 5.651351e-06 2.123519e-04
XM_048726927.1  1.2720080  8.856229 6.208307e-06 2.319837e-04
XR_007305249.1 -1.0236673  7.462312 6.374776e-06 2.368881e-04
XR_007312408.1 -1.0424731  4.348881 6.554236e-06 2.422186e-04
XM_032370281.2 -1.1861182  7.949610 6.761664e-06 2.485189e-04
XM_001641530.3 -0.9623571  4.828284 7.160134e-06 2.617340e-04
XM_048721957.1 -1.0626763  6.499563 7.474932e-06 2.717643e-04
XM_048733312.1 -0.9035647  4.069676 7.789465e-06 2.816771e-04
XM_048728976.1  0.8995967  4.478821 8.017780e-06 2.883828e-04
XM_001633033.3  1.3983689  6.057537 8.124847e-06 2.906794e-04
XM_048728792.1 -1.0088538  4.295068 8.189201e-06 2.914316e-04
XM_048723326.1  1.2321050  5.414145 8.317939e-06 2.944550e-04
XM_001636071.3 -1.0225615  5.175245 8.607111e-06 3.027452e-04
XR_007306849.1  0.8364170  4.372551 8.642145e-06 3.027452e-04
XM_048725562.1 -1.0003868  5.756012 8.717681e-06 3.038089e-04
XR_007312194.1 -1.1084616  4.620033 8.792579e-06 3.048396e-04
XM_048733990.1 -0.9408984  6.106813 8.926118e-06 3.078824e-04
XM_032365107.2 -1.3720907  5.296241 9.072979e-06 3.113513e-04
XM_048728422.1 -1.0863474  7.511588 9.286398e-06 3.156658e-04
XM_001633659.3 -1.1834235  7.269134 9.292572e-06 3.156658e-04
XR_007307210.1 -0.8111537  3.988953 9.474014e-06 3.202121e-04
XM_032378741.2  1.0649010  7.557567 9.745224e-06 3.277319e-04
XM_048728827.1 -0.8884881  6.072049 9.833363e-06 3.278470e-04
XM_032384129.2 -0.8766352  5.018978 9.846135e-06 3.278470e-04
XM_048721533.1 -1.0458796  5.208011 9.930163e-06 3.290161e-04
XM_048722692.1 -1.2092022  5.458815 1.015862e-05 3.349356e-04
XM_032373921.2 -0.9869561  7.414128 1.037287e-05 3.403314e-04
XR_007312578.1 -0.8742167  4.913175 1.046110e-05 3.415601e-04
XM_048726161.1 -0.8937781  6.367398 1.073710e-05 3.488778e-04
XM_048723373.1  0.9086657  5.725546 1.092344e-05 3.523190e-04
XM_032370601.2 -1.4979739  8.031974 1.094777e-05 3.523190e-04
XM_048731784.1  1.0427240  6.014826 1.104993e-05 3.539134e-04
XM_048725725.1 -0.9609478  4.548224 1.119862e-05 3.569758e-04
XM_001626638.3 -1.0690569  8.422336 1.127915e-05 3.578470e-04
XM_048725647.1  0.8865912  4.682249 1.140408e-05 3.601119e-04
XM_032364294.2 -0.8811787  5.705623 1.169745e-05 3.673820e-04
XM_048728999.1  0.8952891  6.376508 1.174355e-05 3.673820e-04
XM_032364145.2  1.0508113  5.195323 1.298080e-05 4.031962e-04
XM_048722628.1 -1.0057818  4.582263 1.300826e-05 4.031962e-04
XM_048726054.1  1.1209159  5.536487 1.446101e-05 4.461687e-04
XR_004293910.2  0.9490217  4.626440 1.500361e-05 4.607959e-04
XM_048722503.1  0.9005463  5.150356 1.509704e-05 4.615578e-04
XM_032372059.2 -0.8992729  4.668321 1.618639e-05 4.924450e-04
XM_032364263.2 -0.9193022  6.328775 1.625376e-05 4.924450e-04
XM_032363258.2  0.9388189  5.032178 1.699301e-05 5.125337e-04
XM_032363587.2 -0.9139686  5.251148 1.752783e-05 5.258832e-04
XM_032377074.2  1.2218740  7.448225 1.759199e-05 5.258832e-04
XM_048720696.1 -0.8749033  6.096228 1.791352e-05 5.331254e-04
XM_001633762.3  1.0270394  7.354625 1.873959e-05 5.552534e-04
XM_032381139.2 -0.8597332  6.480020 2.044964e-05 6.032643e-04
XM_001630669.3 -0.9283712  6.182694 2.140346e-05 6.286447e-04
XM_001639511.3  0.8921518  5.878273 2.168821e-05 6.342386e-04
XM_001625696.3  0.9862189  5.718048 2.362086e-05 6.862096e-04
XM_048731718.1 -0.8246246  5.743532 2.366944e-05 6.862096e-04
XM_001641466.3  1.0361246  5.816935 2.393254e-05 6.908596e-04
XM_048725306.1  0.9019909  5.092281 2.478439e-05 7.123924e-04
XM_048726448.1  0.9870234  4.522596 2.555168e-05 7.313218e-04
XM_032363157.2 -1.0146427  4.892243 2.704369e-05 7.707452e-04
XM_001638917.3 -1.0018866  6.964710 2.724396e-05 7.731766e-04
XR_004292988.2 -2.3543887  6.213450 2.750696e-05 7.773606e-04
XR_007312561.1  1.1564665  6.229963 2.841146e-05 7.995627e-04
XM_048723473.1  0.8530589  6.481210 2.929272e-05 8.197475e-04
XM_048731735.1  0.8993954  4.684557 2.937246e-05 8.197475e-04
XM_048723718.1 -0.8425901  5.052340 2.977337e-05 8.275028e-04
XM_032375470.2  0.9684366  5.790807 3.019882e-05 8.333678e-04
XM_001636575.3 -0.8296927  6.118317 3.028623e-05 8.333678e-04
XM_032364888.2  0.8691556  5.264028 3.035610e-05 8.333678e-04
XM_032361894.2 -1.1953602  6.160915 3.289473e-05 8.993901e-04
XM_001632149.3 -0.9456670  4.707796 3.329628e-05 9.066832e-04
XM_032376414.2  0.8840376  5.119432 3.486366e-05 9.418308e-04
XM_048720321.1  0.9958875  7.300039 3.488515e-05 9.418308e-04
XM_048721243.1  0.9836778  6.153549 3.500709e-05 9.418308e-04
XR_004295126.2 -0.7928593  4.545594 3.703316e-05 9.923706e-04
XM_032366219.2 -0.9448489  4.416998 3.769329e-05 1.006052e-03
XM_032385756.2  1.1369176  4.998977 3.903047e-05 1.037624e-03
XM_048728488.1 -0.9470386  7.317549 3.937947e-05 1.042781e-03
XM_001638165.3 -0.8605295  5.727493 3.992571e-05 1.053099e-03
XM_001641640.3 -0.9472236  6.624597 4.026652e-05 1.057940e-03
XM_032386904.2 -1.0296301  6.002454 4.084974e-05 1.069087e-03
XM_032373182.2 -0.9071653  4.350004 4.161090e-05 1.084786e-03
XM_032379789.2 -0.8905717  5.479857 4.661926e-05 1.210661e-03
XR_007306602.1 -0.9516567  5.737657 4.751504e-05 1.229177e-03
XM_001638034.3 -0.7993161  4.896712 4.774762e-05 1.230462e-03
XM_048731707.1 -0.9531944  6.927273 4.863069e-05 1.245123e-03
XM_048728359.1  0.7984656  4.331153 4.868677e-05 1.245123e-03
XM_048726055.1  0.8673654  4.533182 4.954602e-05 1.262297e-03
XM_048733807.1 -1.2489487  4.646624 5.171872e-05 1.312680e-03
XM_048733697.1 -1.9312676  5.727576 5.261868e-05 1.330501e-03
XM_048723918.1 -1.2860437  4.519621 5.318953e-05 1.339898e-03
XR_004290963.2 -0.8492996  5.712733 5.438363e-05 1.363288e-03
XM_048730727.1 -0.9622035  5.142384 5.463122e-05 1.363288e-03
XM_048727207.1  0.9179112  6.570249 5.473183e-05 1.363288e-03
XM_048723007.1  0.9118572  9.178537 5.492879e-05 1.363288e-03
XM_001627857.3  1.0104652  5.068280 5.956114e-05 1.472824e-03
XM_001626679.3  0.8446037  4.933394 6.017305e-05 1.482505e-03
XM_048731800.1 -0.7990150  4.802170 6.252674e-05 1.534872e-03
XM_048732164.1  0.9987306  7.117315 6.301781e-05 1.541301e-03
XM_048726662.1  1.0356535  4.903013 6.526325e-05 1.588317e-03
XM_048723116.1 -0.9054692  5.373965 6.541240e-05 1.588317e-03
XM_032364009.2 -1.0170816  5.880389 6.817792e-05 1.649513e-03
XM_001636283.3  0.7590126  4.212061 6.896966e-05 1.662688e-03
XM_001640140.3  0.9194449 11.908077 7.142002e-05 1.712935e-03
XM_032386394.2 -0.8241421  4.643976 7.156330e-05 1.712935e-03
XM_048724215.1 -1.2036064 10.828389 7.209775e-05 1.719608e-03
XM_001627285.3  0.9019086  6.549752 7.341240e-05 1.744777e-03
XM_032367463.2 -0.8795266  4.136991 7.458417e-05 1.761102e-03
XM_001636482.3  1.0683986 10.275549 7.462296e-05 1.761102e-03
XM_001627402.3 -0.8324924  5.218628 7.767470e-05 1.826713e-03
XM_032369557.2  0.8011795  6.586959 7.915347e-05 1.849689e-03
XR_004292730.1 -1.7625392  5.427030 7.920165e-05 1.849689e-03
XM_001627998.3 -1.1003758  5.633631 8.181472e-05 1.904103e-03
XM_001629087.2  0.8143998  5.774393 8.231537e-05 1.909149e-03
XM_048727934.1  1.1111416  5.027865 8.282168e-05 1.914291e-03
XM_032363359.2 -0.7915234  5.313474 8.739868e-05 2.013163e-03
XM_032383991.2 -0.9831027  5.063687 8.840146e-05 2.029311e-03
XM_048724214.1 -1.2600253  9.538534 9.040419e-05 2.066032e-03
XM_048720477.1 -0.9594479  4.401662 9.061543e-05 2.066032e-03
XM_032375246.2  1.1362755  8.858350 9.096102e-05 2.066905e-03
XM_048729736.1 -0.7711542  4.668280 9.168659e-05 2.072401e-03
XM_001638478.3 -0.9120824  9.468158 9.181912e-05 2.072401e-03
XM_032366541.2 -0.8785448  4.568974 9.889436e-05 2.224627e-03
XM_048720915.1  0.9002485  4.787524 9.974615e-05 2.236309e-03
XM_032381347.2 -0.8115028  4.992986 1.003465e-04 2.242295e-03
XM_032382290.2  1.0449214  8.869539 1.033677e-04 2.302157e-03
XM_032362676.2 -0.8717705  4.891231 1.042848e-04 2.314916e-03
XM_001633290.3 -0.8163947  6.406930 1.073454e-04 2.375018e-03
XM_032377004.2 -0.7799824  4.482792 1.080178e-04 2.382059e-03
XM_048726076.1 -0.8334038  4.250048 1.104445e-04 2.427613e-03
XM_032380490.2  0.8271332  4.718379 1.111519e-04 2.432969e-03
XM_001637837.3  0.7330716  4.642970 1.114116e-04 2.432969e-03
XM_032380618.2 -0.6870680  4.172632 1.122778e-04 2.443949e-03
XM_048724447.1  0.9653562  8.552334 1.143917e-04 2.481931e-03
XM_048720624.1 -0.8212629  4.493100 1.158636e-04 2.505783e-03
XM_048734600.1 -0.8383420  4.607316 1.170747e-04 2.523861e-03
XM_048720800.1  0.8691124  9.298658 1.186317e-04 2.549256e-03
XM_001631950.2  0.6914101  4.138890 1.243463e-04 2.663545e-03
XM_048722756.1 -1.2615035  9.450515 1.284734e-04 2.728669e-03
XM_032382789.2  0.8379707  4.322471 1.285260e-04 2.728669e-03
XM_001623354.3  0.8358848  5.105983 1.286037e-04 2.728669e-03
XM_048722050.1 -0.8439882  4.226863 1.305985e-04 2.762281e-03
XM_048726232.1 -0.8509833  4.472863 1.312096e-04 2.764004e-03
XM_048721227.1  0.8288559  6.021447 1.315018e-04 2.764004e-03
XM_032367579.2  0.9002550  5.244223 1.373185e-04 2.877271e-03
XM_032384803.2  1.1533927  5.849873 1.390550e-04 2.904609e-03
XM_048721953.1 -0.6485937  3.789756 1.407563e-04 2.931043e-03
XM_032380616.2 -0.8485159  6.248515 1.419817e-04 2.947434e-03
XM_048721497.1 -0.8201505  6.443866 1.442940e-04 2.986219e-03
XM_001641062.3  1.2845502  6.843758 1.484598e-04 3.063009e-03
XM_001625668.3  0.7343246  4.716327 1.504748e-04 3.095088e-03
XM_001636497.3  0.7977795  4.756182 1.530889e-04 3.139257e-03
XM_032387003.2  0.9862219  6.186057 1.550809e-04 3.170438e-03
XM_048727187.1 -1.2353036  5.307775 1.601231e-04 3.263599e-03
XM_048719783.1 -0.6524843  4.042701 1.629239e-04 3.310652e-03
XM_048719790.1 -0.8359008  5.246343 1.709948e-04 3.464189e-03
XM_032372999.2 -0.7303254  4.699013 1.718664e-04 3.471391e-03
XM_048726450.1 -0.7436222  4.378398 1.734319e-04 3.492524e-03
XR_007314261.1 -1.0296461  8.381477 1.752954e-04 3.519513e-03
XM_048729302.1 -0.7844320  4.658877 1.805930e-04 3.615085e-03
XM_032369021.2 -0.7803802  5.775899 1.822950e-04 3.638327e-03
XM_048726260.1 -1.0191860  4.668611 1.841781e-04 3.665036e-03
XM_048728648.1  0.9386506  7.136692 1.847584e-04 3.665738e-03
XM_032377749.2 -0.7801230  5.997820 1.855276e-04 3.670173e-03
XM_048721326.1 -0.8852638  5.413657 1.909601e-04 3.766561e-03
XM_001640210.2  0.8014291  4.891759 1.960156e-04 3.854544e-03
XR_007306801.1 -0.8231464  6.634547 1.965668e-04 3.854544e-03
XM_032381213.2 -0.7379216  5.746290 1.989577e-04 3.890086e-03
XM_048727529.1 -0.8800358  4.178862 2.002892e-04 3.904769e-03
XR_004291135.2  0.8291096  4.440993 2.023805e-04 3.934136e-03
XM_001632539.3  0.7313102  5.805469 2.056362e-04 3.985906e-03
XM_048723524.1 -1.5759999 13.775222 2.064999e-04 3.991144e-03
XM_001635334.3 -0.7841360  5.781514 2.092215e-04 4.032159e-03
XM_001641219.2  0.7655026  6.407199 2.131775e-04 4.090735e-03
XM_001628684.3  0.8613174  5.342848 2.134773e-04 4.090735e-03
XM_048728498.1 -0.9875924  5.215501 2.146093e-04 4.092111e-03
XR_007305690.1  1.5066817  5.236587 2.147659e-04 4.092111e-03
XM_048725787.1 -0.6890430  4.381668 2.183382e-04 4.140329e-03
XM_048728540.1 -0.7251846  4.893426 2.185276e-04 4.140329e-03
XM_048722237.1 -0.8858665  4.613141 2.218787e-04 4.192012e-03
XM_032378053.2 -0.7535071  4.868163 2.254477e-04 4.247510e-03
XM_048724818.1  1.1785193  7.137258 2.266987e-04 4.259149e-03
XM_001638061.3 -0.6400706  4.237212 2.278340e-04 4.263663e-03
XM_032384128.2  0.8039729  6.061132 2.282068e-04 4.263663e-03
XM_048724703.1 -0.8191712  4.379674 2.308630e-04 4.300386e-03
XM_032365846.2 -0.6610979  4.352913 2.317303e-04 4.300386e-03
XM_032363302.2 -0.6615015  4.210133 2.320904e-04 4.300386e-03
XR_004295937.2 -0.7082127  4.310532 2.333215e-04 4.311319e-03
XM_032381281.2 -0.7807245  4.462146 2.355221e-04 4.340059e-03
XM_048732762.1  0.7314567  4.324881 2.369587e-04 4.354601e-03
XM_048734755.1 -0.6638381  4.015675 2.392000e-04 4.383812e-03
XM_001639649.3 -0.7628233  4.572762 2.424298e-04 4.430932e-03
XM_001636428.3 -2.1663055  7.235274 2.436517e-04 4.441196e-03
XM_032370154.2 -0.7444423  4.232544 2.450414e-04 4.454456e-03
XM_048729552.1  0.7377798  5.033727 2.466126e-04 4.470933e-03
XM_032370147.2 -0.6928257  4.473112 2.476647e-04 4.471010e-03
XM_048722347.1 -0.9012595  4.415425 2.479463e-04 4.471010e-03
XM_048732113.1 -0.8354955  4.498434 2.518999e-04 4.530156e-03
XM_001628583.3  0.6643233  4.438589 2.620985e-04 4.700999e-03
XM_048732380.1  0.8674855  7.194690 2.639527e-04 4.721665e-03
XM_032378265.2  0.7796163  5.239644 2.656238e-04 4.738954e-03
XM_032362917.2 -0.7860800  3.993668 2.674136e-04 4.758264e-03
XM_048724198.1 -0.6793236  4.174371 2.706805e-04 4.803687e-03
XM_001632693.3  0.8147271  7.730703 2.735722e-04 4.842228e-03
XM_048726144.1 -0.8319769  8.042524 2.786821e-04 4.910182e-03
XM_001628860.3 -0.8061169  4.301681 2.790123e-04 4.910182e-03
XM_048726358.1  0.7312883  4.588150 2.796015e-04 4.910182e-03
XM_048724464.1  0.9106759  8.480747 2.845512e-04 4.980050e-03
XM_001631878.3 -0.9425163  4.903248 2.850609e-04 4.980050e-03
XM_001629168.3  0.7792269  5.248630 2.872881e-04 5.005959e-03
XM_032374003.2  0.7199394  4.588594 2.971969e-04 5.165236e-03
XM_032377522.2 -0.8191100  6.957504 2.993996e-04 5.183767e-03
XM_032367284.2 -0.7725302  5.594081 2.998046e-04 5.183767e-03
XM_032377228.2  0.7728822  5.567344 3.118155e-04 5.377618e-03
XM_001639626.3 -0.7256838  4.402986 3.160182e-04 5.429705e-03
XM_001630918.3 -0.6243459  3.953444 3.164503e-04 5.429705e-03
XM_048722252.1 -0.8281165  6.244774 3.192917e-04 5.464520e-03
XM_048720827.1 -0.8615803  6.385496 3.219604e-04 5.496206e-03
XM_032376622.2 -0.7909556  6.801861 3.231429e-04 5.502428e-03
XM_048727482.1 -1.6328740  5.156466 3.305862e-04 5.614956e-03
XM_032371552.2  0.7556832  4.645895 3.316268e-04 5.618443e-03
XM_001638268.3 -0.6841451  4.630868 3.354807e-04 5.669456e-03
XM_048722397.1 -0.7591107  5.038382 3.562986e-04 6.006177e-03
XM_048730480.1  0.8068456  4.888976 3.604806e-04 6.048682e-03
XM_001631769.3  0.6986548  5.730350 3.606187e-04 6.048682e-03
XM_001636928.3 -0.7831932  4.244842 3.624074e-04 6.063563e-03
XM_048729222.1 -0.7306827  5.282400 3.688357e-04 6.155804e-03
XM_048728223.1 -0.7372156  5.488997 3.714483e-04 6.173767e-03
XM_032383959.2  0.9053543  5.539609 3.717478e-04 6.173767e-03
XM_048733073.1  0.8070687  5.147645 3.754303e-04 6.219568e-03
XM_001634109.3  0.7226914  4.861845 3.790318e-04 6.263803e-03
XM_048732210.1 -0.7350798  5.203014 3.811986e-04 6.284172e-03
XM_001631435.3  0.8894641  4.912546 3.832648e-04 6.302786e-03
XM_048733279.1 -0.7744540  4.133175 3.846536e-04 6.310196e-03
XM_048722583.1 -0.9652743  8.789968 3.858779e-04 6.314878e-03
XM_048725061.1  0.6871418  4.165334 3.879115e-04 6.332750e-03
XM_032363026.2  1.1217013  6.872153 3.900028e-04 6.351474e-03
XM_001629963.3  0.6751293  4.616812 3.998273e-04 6.495746e-03
XM_048723773.1  0.8843338  6.144011 4.013109e-04 6.504138e-03
XM_032375039.2 -0.7626213  4.223890 4.032199e-04 6.519368e-03
XM_001625853.3  0.8817397  4.797592 4.066546e-04 6.559133e-03
XM_048733814.1 -0.7906318  5.470328 4.128854e-04 6.643701e-03
XM_048725563.1 -0.7665103  4.867095 4.157180e-04 6.673315e-03
XR_004296397.2 -0.7037746  4.836494 4.219881e-04 6.757837e-03
XM_032376256.2  0.8786365  4.774939 4.278214e-04 6.834980e-03
XM_048726568.1  1.0767599  6.207859 4.299111e-04 6.839718e-03
XM_048722623.1  0.8000505  5.715455 4.301518e-04 6.839718e-03
XM_048727081.1  0.6990410  4.791547 4.361242e-04 6.918328e-03
XM_032365481.2  0.8234681  5.046385 4.378015e-04 6.928595e-03
XM_048732578.1 -0.8095459  4.509003 4.423365e-04 6.983933e-03
XM_032366562.2 -0.7534786  6.464465 4.525053e-04 7.127753e-03
XR_007311891.1 -0.9802130  4.519017 4.601098e-04 7.222860e-03
XM_032370334.2 -0.7431918  4.814934 4.606909e-04 7.222860e-03
XM_048723500.1  0.8852412  5.005692 4.648205e-04 7.270658e-03
XM_032385660.2  0.8437591  4.802486 4.661866e-04 7.275106e-03
XR_007306415.1 -0.7603141  6.187110 4.712790e-04 7.337552e-03
XM_001623803.3  0.7244121  4.637462 4.741409e-04 7.365062e-03
XM_001638417.3  0.6724527  5.808130 4.919428e-04 7.623979e-03
XM_048726694.1  0.6988231  5.862408 4.974710e-04 7.691931e-03
XM_048721789.1 -0.7550175  6.998376 5.005314e-04 7.721501e-03
XR_007307075.1 -0.7265347  5.989230 5.060774e-04 7.789192e-03
XM_048721603.1 -0.7769779  5.216864 5.093765e-04 7.822069e-03
XM_032373987.2 -0.7653122  4.946721 5.173360e-04 7.924487e-03
XM_048734208.1 -0.7708880  5.568930 5.184023e-04 7.924487e-03
XM_048727208.1  0.7035098  4.701456 5.264832e-04 8.029764e-03
XM_001639625.3  0.7882351  4.553732 5.318974e-04 8.076802e-03
XM_048726770.1  0.7866970  4.816567 5.319690e-04 8.076802e-03
XM_032373225.2  0.9925638  4.819801 5.363721e-04 8.125313e-03
XM_001628994.2  0.9742510  4.628218 5.503257e-04 8.317956e-03
XM_032364761.2 -0.8587328  4.488107 5.542602e-04 8.330841e-03
XM_001641857.3  0.8115320  4.760125 5.547537e-04 8.330841e-03
XM_048721249.1 -1.0103569  4.932168 5.548939e-04 8.330841e-03
XM_032379717.2 -0.6731838  4.240581 5.607139e-04 8.399470e-03
XM_001640639.3  0.8003776  6.405062 5.655244e-04 8.442944e-03
XM_032370869.2 -0.6690795  5.582315 5.669961e-04 8.442944e-03
XM_048727819.1 -0.7967185  5.547863 5.673819e-04 8.442944e-03
XM_048731921.1  0.7178269  5.142829 5.854946e-04 8.693238e-03
XM_001635222.3  0.7399359  5.918742 5.885355e-04 8.719140e-03
XM_001636241.3  0.8019060  6.121536 5.926046e-04 8.760128e-03
XM_001631958.3  0.7782405  7.780084 5.940456e-04 8.762172e-03
XM_048728308.1 -0.6802294  4.214316 5.966903e-04 8.781370e-03
XM_032369575.2  0.6862110  5.922213 5.979583e-04 8.781370e-03
XM_048734161.1 -0.6988771  4.627433 6.013113e-04 8.811183e-03
XM_001632792.3  0.7716459  7.530384 6.026084e-04 8.811183e-03
XM_032385249.2  0.6775230  4.572397 6.206221e-04 9.054890e-03
XM_032383259.2 -0.7709911  6.008864 6.241120e-04 9.076705e-03
XM_001623828.3 -0.9437218  7.804079 6.248163e-04 9.076705e-03
XM_048727495.1  0.5896457  4.073832 6.486985e-04 9.384473e-03
XM_032370803.2  0.9828415  6.250613 6.487928e-04 9.384473e-03
XM_048729355.1 -0.8973149  6.167804 6.555064e-04 9.461237e-03
XM_048723737.1 -0.7555915  4.788816 6.612738e-04 9.524042e-03
XM_048729556.1 -0.6446290  4.014156 6.658977e-04 9.570145e-03
XM_032384471.2 -0.9125185  4.541544 6.793864e-04 9.743184e-03

## ME (377)
Comparison of groups:  4-3 
                     logFC    logCPM        PValue           FDR
XR_007306877.1 -10.7794143 15.650371 2.648857e-108 1.607592e-104
XM_048729070.1   3.2098124 10.301119  6.335824e-18  1.922606e-14
XR_007306918.1  -2.2895624  6.344908  5.237477e-16  9.172366e-13
XM_001631917.3  -2.3508412  6.957924  6.045389e-16  9.172366e-13
XM_001636932.3  -2.1424497  6.449992  2.202813e-15  2.673775e-12
XM_048722657.1   2.3203943  5.960380  1.156840e-14  1.170144e-11
XM_001624482.3   2.0704645  6.120841  2.785315e-14  2.414868e-11
XM_001623270.3  -2.2716704  6.450213  7.080205e-14  5.371220e-11
XM_001631422.3  -1.9730669  5.858414  1.427489e-12  9.626036e-10
XR_007306253.1  -3.0063931  8.961799  2.125859e-12  1.290184e-09
XM_048733772.1  -2.0295386  5.939946  4.228023e-12  2.332716e-09
XM_048734432.1  -1.8956365  6.639305  2.599146e-11  1.314518e-08
XM_032382924.2  -1.5652911  4.837706  5.478346e-11  2.557545e-08
XR_007312385.1  -1.8208181  5.448704  1.172198e-10  5.081478e-08
XM_001626671.3  -1.7740708  6.097180  2.386967e-10  9.657668e-08
XM_032371825.2   1.8797479  5.932965  2.670349e-10  1.012897e-07
XM_048721249.1  -1.3685823  4.428667  3.197480e-10  1.141500e-07
XR_007305260.1  -1.8698570  5.629081  3.777938e-10  1.222195e-07
XM_048732914.1  -1.8838123  5.001282  4.006572e-10  1.222195e-07
XR_007306916.1   3.5283300 15.746238  4.027665e-10  1.222195e-07
XM_032377265.2  -1.8110714  6.032396  5.075637e-10  1.466859e-07
XM_001636392.3   1.6808470  6.241522  6.185076e-10  1.706238e-07
XM_048731960.1  -2.3780059  7.540863  6.941057e-10  1.827123e-07
XM_032375382.2  -1.5008272  4.818068  7.225402e-10  1.827123e-07
XM_048730246.1  -2.0994631  6.051261  1.073972e-09  2.607175e-07
XM_001634075.3   2.3867711  7.309315  1.439434e-09  3.359972e-07
XM_001627064.3  -1.9065324  7.864281  3.077900e-09  6.918434e-07
XM_001629293.3   2.0928453  5.653740  4.220814e-09  9.041213e-07
XM_048720915.1   1.3842044  4.924352  4.364094e-09  9.041213e-07
XM_048724741.1   1.9841668  9.693739  4.469211e-09  9.041213e-07
XM_048730410.1  -1.8021401  5.593525  5.256952e-09  1.029176e-06
XM_032365879.2   1.8464993  6.391084  5.936457e-09  1.125886e-06
XM_048723806.1  -2.2375189  7.158241  6.352686e-09  1.168317e-06
XM_048730683.1  -1.4752328  4.896182  1.018821e-08  1.818595e-06
XM_048728999.1   1.8911840  6.213337  1.211205e-08  2.100230e-06
XR_007312194.1  -1.7669573  6.338703  2.521169e-08  4.158366e-06
XR_007314268.1  -1.4139828  5.105636  2.535171e-08  4.158366e-06
XM_001626679.3   1.2382878  4.442417  2.947238e-08  4.707050e-06
XM_048725109.1   1.6315079  7.613661  3.853938e-08  5.997321e-06
XM_048723718.1  -1.3136798  5.185507  4.176292e-08  6.336480e-06
XM_001632982.3   2.4986087  9.444471  4.590423e-08  6.794946e-06
XM_001635407.3   1.5279749  5.654456  4.736651e-08  6.844461e-06
XM_032386726.2  -1.5884996  7.704188  5.562690e-08  7.851155e-06
XR_007312590.1  -1.5572401  4.879850  5.695019e-08  7.855243e-06
XM_032377385.2  -1.4940815  6.138804  6.256849e-08  8.438404e-06
XM_048726078.1   1.5821286  6.132015  7.123484e-08  9.258030e-06
XM_032364009.2  -1.4622495  5.535200  7.169673e-08  9.258030e-06
XM_032386007.2  -1.3609030  5.589194  7.426224e-08  9.389531e-06
XM_048725092.1   1.2413073  5.236504  8.090006e-08  1.002005e-05
XM_048721953.1  -1.2998136  4.787147  9.122364e-08  1.107273e-05
XM_001638554.3   1.3194298  4.924320  9.319280e-08  1.108994e-05
XR_007312192.1  -2.0539122 13.075813  1.133289e-07  1.322679e-05
XM_048721179.1  -1.4572238  4.913896  1.379364e-07  1.579502e-05
XM_001640639.3   1.3887782  6.363753  1.849284e-07  2.078390e-05
XM_048734604.1  -1.2176112  5.100557  1.888821e-07  2.084228e-05
XM_001638165.3  -1.5095753  6.113718  1.924470e-07  2.085644e-05
XM_032385144.2  -1.2566863  5.727797  2.164780e-07  2.304921e-05
XM_032367448.2   1.4304126  5.889400  2.228218e-07  2.331561e-05
XM_001626241.3   1.7920452  6.819741  2.458868e-07  2.503274e-05
XM_001628740.3  -1.8757242  9.284389  2.501130e-07  2.503274e-05
XM_032387399.2  -1.4741999  4.949460  2.516060e-07  2.503274e-05
XM_048724100.1   1.3371752  5.382208  2.669752e-07  2.613343e-05
XM_001641929.3  -1.7014326  5.468225  2.769333e-07  2.667791e-05
XM_032377993.2  -1.2386704  5.499039  2.819870e-07  2.674030e-05
XM_032363372.2   1.6728204  7.871341  3.366183e-07  3.142979e-05
XM_001633287.3   1.3313753  5.335868  3.489403e-07  3.208665e-05
XM_032386927.2   1.4078607  5.162513  4.898380e-07  4.340788e-05
XM_032383745.2  -1.4333388  6.382008  4.913374e-07  4.340788e-05
XR_007307164.1  -1.2393869  4.791826  4.935151e-07  4.340788e-05
XM_048733738.1  -2.2272230  6.231775  5.233718e-07  4.519342e-05
XM_001631860.3   1.3030726  6.321932  5.287086e-07  4.519342e-05
XM_048723498.1   1.6771167  7.109339  5.431606e-07  4.547446e-05
XM_048721957.1  -1.4876872  7.901616  5.469823e-07  4.547446e-05
XM_048729371.1   1.9784410  6.195193  5.577157e-07  4.574022e-05
XM_048720580.1  -1.0783162  4.094738  6.413040e-07  5.189432e-05
XM_048722692.1  -1.4520701  5.580926  6.654859e-07  5.314255e-05
XM_001636654.3   1.7254419  7.935308  6.792477e-07  5.339522e-05
XM_048730578.1  -1.2918367  5.869274  6.914828e-07  5.339522e-05
XM_001626957.3   1.6120279  9.044500  6.950441e-07  5.339522e-05
XM_048725787.1  -1.0647715  4.430287  7.161684e-07  5.428909e-05
XM_048729734.1  -1.4129255  5.053787  7.245702e-07  5.428909e-05
XM_048726050.1  -1.6699047  5.892359  7.776544e-07  5.755591e-05
XM_001627279.3  -1.1523658  5.346958  8.025633e-07  5.868382e-05
XM_001627402.3  -1.1688702  5.627099  9.211453e-07  6.655275e-05
XM_048727207.1   1.2436344  6.534447  1.043656e-06  7.451706e-05
XM_032364772.2   1.0894949  4.548274  1.096241e-06  7.736145e-05
XM_032376148.2  -1.2309477  5.056853  1.161890e-06  8.105187e-05
XM_048732427.1  -1.4373363  6.764453  1.344335e-06  9.271326e-05
XM_001634488.3   1.2155680  4.888184  1.404938e-06  9.580413e-05
XM_048725227.1  -1.3767379  5.128061  1.450010e-06  9.777900e-05
XM_048720696.1  -1.2894894  6.379093  1.492184e-06  9.951718e-05
XM_048725404.1  -1.4967211  7.349526  1.512376e-06  9.976751e-05
XM_048723705.1   1.3620470  6.156053  1.541072e-06  1.005674e-04
XM_032369445.2   1.3312228  5.819268  1.702554e-06  1.099234e-04
XM_032365207.2  -1.2069882  5.384635  1.832382e-06  1.170603e-04
XM_032385117.2   1.3992724  6.505019  2.033887e-06  1.285798e-04
XM_048722917.1  -1.2852116  5.741416  2.138564e-06  1.338035e-04
XM_032364263.2  -1.4025832  6.655307  2.505649e-06  1.551712e-04
XM_001629238.3   1.1449031  5.416819  2.703569e-06  1.657370e-04
XM_048725366.1   1.1915795  5.269221  2.852054e-06  1.730912e-04
XM_048723494.1   1.3839533  6.287277  2.919386e-06  1.752744e-04
XM_032370494.2   1.1206100  5.223480  2.963359e-06  1.752744e-04
XM_032380541.2   1.1008560  4.974401  2.974669e-06  1.752744e-04
XM_001630669.3  -1.2558973  6.648190  3.082626e-06  1.798890e-04
XM_048728876.1   1.0591475  4.302074  3.174680e-06  1.834965e-04
XM_048732896.1   1.7006190  5.764433  3.798526e-06  2.174835e-04
XR_007307142.1  -1.3079980 17.549236  3.960042e-06  2.226246e-04
XM_048730601.1   1.1772301  5.339019  3.961683e-06  2.226246e-04
XM_032386970.2   1.4485407  5.363301  4.178711e-06  2.326660e-04
XM_048719709.1  -1.1133126  5.223909  4.257882e-06  2.349190e-04
XM_048721527.1  -1.2602245  5.267678  4.335063e-06  2.370225e-04
XM_032373921.2  -1.2772318  7.182230  4.468324e-06  2.421273e-04
XM_001636405.3   0.9495457  4.332950  4.557181e-06  2.447569e-04
XR_007305305.1  -1.5092396  7.837870  4.796849e-06  2.553691e-04
XM_032379630.2  -1.3841993  5.270084  4.862089e-06  2.565915e-04
XM_001636514.3  -1.3796296  5.320346  5.438385e-06  2.845307e-04
XM_048725113.1  -2.4011016  7.428060  5.615192e-06  2.912701e-04
XM_048723488.1   1.1271744  5.696018  6.112616e-06  3.143853e-04
XM_048721268.1  -1.2355593  5.534022  6.469852e-06  3.299624e-04
XM_032371278.2   2.1282359  6.691825  6.951804e-06  3.503845e-04
XM_048721809.1  -1.2985545  6.377818  6.985751e-06  3.503845e-04
XM_048721789.1  -1.3321811  7.423946  7.531826e-06  3.746775e-04
XM_048731565.1  -1.0940375  4.330062  7.832229e-06  3.864537e-04
XM_048727188.1  -1.1979897  6.130002  8.076114e-06  3.952737e-04
XM_001629396.3   1.1284866  5.616944  8.311355e-06  4.035329e-04
XR_007306627.1  -2.8447665  8.715615  8.445687e-06  4.068006e-04
XM_032367550.2   1.0173666  4.694522  8.584300e-06  4.095179e-04
XM_048723496.1   1.5530044  6.620362  8.637055e-06  4.095179e-04
XM_032367112.2   1.1070351  5.277090  8.904266e-06  4.189147e-04
XM_048723504.1   1.2291713  5.765236  9.182801e-06  4.282965e-04
XM_048728499.1  -0.9332171  4.339256  9.312806e-06  4.282965e-04
XM_001636071.3  -1.1680187  5.122202  9.315397e-06  4.282965e-04
XM_048730906.1  -1.7666633  5.759218  9.649202e-06  4.403083e-04
XM_001635071.3  -1.1028230  5.319630  9.795857e-06  4.436646e-04
XM_048721466.1  -1.3661463  8.034084  1.033426e-05  4.645822e-04
XM_048728827.1  -1.1098786  6.275335  1.062208e-05  4.729269e-04
XM_048733363.1  -0.9946935  4.672966  1.070635e-05  4.729269e-04
XM_048724444.1  -1.3909361  9.105634  1.075365e-05  4.729269e-04
XM_048732509.1  -1.5667889  5.199177  1.095515e-05  4.760142e-04
XM_048732374.1  -1.3517214  5.854580  1.111279e-05  4.760142e-04
XM_001629503.3  -0.9148559  4.143516  1.113513e-05  4.760142e-04
XM_032378599.2  -1.1314881  5.964700  1.113759e-05  4.760142e-04
XR_004292921.2   1.0486051  4.751705  1.240377e-05  5.260956e-04
XM_001626090.3  -1.0695776  5.496124  1.253306e-05  5.260956e-04
XR_004297034.2  -1.6317583 12.262476  1.256943e-05  5.260956e-04
XM_032373987.2  -1.3308355  5.202604  1.302533e-05  5.414435e-04
XM_032366219.2  -1.0677426  4.632211  1.375678e-05  5.679584e-04
XM_032380321.2  -0.9792804  4.881496  1.405328e-05  5.746092e-04
XM_001630315.3  -1.0726239  4.576290  1.410723e-05  5.746092e-04
XM_032363258.2   1.2868328  5.079284  1.610817e-05  6.517367e-04
XM_048729040.1  -1.3425406  4.624653  1.627063e-05  6.539502e-04
XM_032371555.2  -1.3864008  4.595985  1.745460e-05  6.969207e-04
XM_032365218.2  -1.0635919  5.374615  1.764948e-05  7.000961e-04
XM_001637845.3  -1.0085593  4.833258  1.877392e-05  7.398633e-04
XM_001636301.3  -1.2401242  6.568445  1.953932e-05  7.650587e-04
XM_048720698.1  -0.9684742  4.702498  2.030294e-05  7.898624e-04
XM_048729222.1  -1.0112300  5.454675  2.063283e-05  7.975836e-04
XM_001636575.3  -1.0745683  5.900429  2.086551e-05  8.014733e-04
XM_032384667.2  -1.0864955  5.288569  2.138817e-05  8.082098e-04
XM_001636598.3   1.0871490  5.430988  2.145446e-05  8.082098e-04
XM_048724558.1  -1.6213049  4.839243  2.147724e-05  8.082098e-04
XM_032376542.2   0.9533310  4.380806  2.157357e-05  8.082098e-04
XM_048721132.1  -1.1452477  4.614855  2.181332e-05  8.121781e-04
XM_048731707.1  -1.2576699  6.671584  2.292119e-05  8.469749e-04
XM_048721333.1  -1.0932208  4.896173  2.302700e-05  8.469749e-04
XM_032366595.2   1.1541427  7.680542  2.373468e-05  8.677455e-04
XR_004293447.2  -1.2056337  4.496719  2.434046e-05  8.845644e-04
XM_048723128.1  -1.7987205  8.171385  2.558477e-05  9.235205e-04
XM_048726619.1   1.3612760  5.615007  2.571675e-05  9.235205e-04
XM_001638302.3   1.0275860  5.078158  2.595440e-05  9.249491e-04
XM_048723524.1  -2.1377662 12.747259  2.606135e-05  9.249491e-04
XM_032381054.2  -1.3160750  7.413821  2.716255e-05  9.580749e-04
XM_048732713.1   0.9496729  4.476409  2.731042e-05  9.580749e-04
XM_032364294.2  -1.0567002  5.590481  2.801693e-05  9.772113e-04
XM_001630398.3   1.3461072  7.062125  2.848564e-05  9.878821e-04
XM_001626638.3  -1.2611870  8.558194  2.909272e-05  1.003203e-03
XM_048721497.1  -1.2634816  6.878221  2.978168e-05  1.021158e-03
XM_032376480.2   1.1155191  4.840494  3.067622e-05  1.045921e-03
XM_001638489.3  -1.0024730  5.342334  3.145290e-05  1.066412e-03
XM_048722775.1   1.2622927  6.010072  3.265832e-05  1.101130e-03
XR_007305189.1  -1.0531107  5.589697  3.405187e-05  1.141772e-03
XM_048734583.1   1.1259461  4.423010  3.531743e-05  1.176214e-03
XM_001619797.3   1.1826989  4.856499  3.546665e-05  1.176214e-03
XM_032380348.2  -1.1775497  6.675571  3.577118e-05  1.179866e-03
XM_001637591.3  -1.4009589  7.559827  3.638530e-05  1.193635e-03
XM_001626761.3  -1.1505027  7.148013  3.697090e-05  1.206325e-03
XM_048729738.1  -1.0677476  5.434410  3.806614e-05  1.235419e-03
XM_032379655.2  -1.2725531  8.125456  3.909701e-05  1.262126e-03
XM_032370869.2  -1.0781733  5.870459  3.936256e-05  1.263976e-03
XR_007305698.1   3.8753830  8.195656  3.962372e-05  1.265665e-03
XM_048721139.1  -1.4599161  6.172885  4.034492e-05  1.278168e-03
XM_048721936.1   0.9677230  5.584705  4.053204e-05  1.278168e-03
XM_001638134.3  -1.1129461  4.819648  4.064696e-05  1.278168e-03
XM_001624294.3  -0.9576297  4.493450  4.158390e-05  1.300890e-03
XM_032376256.2   0.9236928  4.352405  4.286900e-05  1.334215e-03
XM_048723918.1  -1.3868402  4.700758  4.377590e-05  1.355490e-03
XR_007307557.1  -0.8943711  4.505578  4.505381e-05  1.384299e-03
XM_032363460.2   1.1808161  5.759916  4.516251e-05  1.384299e-03
XM_048733814.1  -1.1191678  5.382740  4.891005e-05  1.491634e-03
XM_001633333.3  -1.0688596  5.024797  4.973769e-05  1.509290e-03
XM_048733990.1  -1.0508630  6.205829  5.020465e-05  1.515881e-03
XR_007306626.1  -0.9592686  4.324612  5.067487e-05  1.522504e-03
XM_048732164.1   1.1787187  7.547810  5.397944e-05  1.609394e-03
XM_001627740.3  -0.9298333  4.305259  5.420428e-05  1.609394e-03
XM_048719665.1  -0.9004008  4.197669  5.436248e-05  1.609394e-03
XM_001647469.3   0.9520128  4.743702  5.478276e-05  1.613786e-03
XM_032374527.2   1.0352516  4.952607  5.504264e-05  1.613786e-03
XM_001629388.3   1.0009895  5.694057  5.535147e-05  1.615039e-03
XM_048723801.1   0.9796971  5.515097  5.562015e-05  1.615113e-03
XR_004296830.2   1.2210581  7.712255  5.764587e-05  1.665966e-03
XM_001633335.3  -1.1577172  8.560403  5.942328e-05  1.703263e-03
XM_001623710.2   0.9825996  5.420770  5.949775e-05  1.703263e-03
XM_032364360.2  -0.9504454  5.807484  6.142283e-05  1.736758e-03
XM_048731936.1   1.1209883  5.522426  6.156581e-05  1.736758e-03
XM_032363960.2   1.0220775  5.356625  6.163205e-05  1.736758e-03
XM_032381139.2  -1.2510505  7.627823  6.181245e-05  1.736758e-03
XM_001623467.3  -1.2954216  5.202588  6.727819e-05  1.881619e-03
XM_048729302.1  -0.9709899  5.301417  7.004328e-05  1.949966e-03
XM_032370334.2  -0.9123129  5.166428  7.058839e-05  1.956169e-03
XM_032381347.2  -1.0256699  5.052461  7.115539e-05  1.962919e-03
XM_032366159.2   1.0262444  5.629549  7.799965e-05  2.141990e-03
XR_007306629.1   4.7534851 10.100554  7.871884e-05  2.148013e-03
XM_001631991.3   1.0692078  5.766549  7.892683e-05  2.148013e-03
XM_001637837.3   1.0938407  4.986838  8.246067e-05  2.234169e-03
XM_001634064.3   0.9489367  5.112794  8.373553e-05  2.258626e-03
XM_048724736.1  -0.8386920  4.062073  8.447433e-05  2.268472e-03
XM_048734532.1   1.0053495  6.484626  8.575991e-05  2.292850e-03
XM_001636086.3   1.0586798  4.640599  8.754759e-05  2.327617e-03
XM_032366603.2  -1.1474446  5.370047  8.782736e-05  2.327617e-03
XR_007306415.1  -1.1298526  5.583851  8.827945e-05  2.329426e-03
XM_032384093.2   1.5319496  6.807006  8.952236e-05  2.351997e-03
XM_001639580.3   1.1269817  6.531414  9.040790e-05  2.365024e-03
XM_048728792.1  -1.1248300  4.985177  9.541842e-05  2.485384e-03
XM_048726713.1  -1.2508916  4.837435  9.672128e-05  2.508553e-03
XM_048727178.1   1.3328869  7.377200  9.864011e-05  2.547433e-03
XM_048725767.1  -1.3896985  7.562875  1.012447e-04  2.603619e-03
XM_048725562.1  -1.2168358  5.637010  1.056212e-04  2.704704e-03
XM_048729564.1  -1.0613039  8.369151  1.071527e-04  2.732393e-03
XM_001627083.3  -1.1729391  5.157204  1.089373e-04  2.766277e-03
XM_048733448.1  -1.0624296  4.109771  1.095995e-04  2.771497e-03
XR_007313731.1  -1.9139580 11.961466  1.163365e-04  2.925227e-03
XM_032383015.2   0.9930251  4.626994  1.169168e-04  2.925227e-03
XM_001638034.3  -1.1554363  4.771687  1.171248e-04  2.925227e-03
XR_007312046.1  -0.9382171  5.177976  1.190340e-04  2.955390e-03
XM_048731663.1  -2.0886894  7.432830  1.193064e-04  2.955390e-03
XR_004294420.2  -1.0282118  4.613901  1.203532e-04  2.969200e-03
XM_001634477.3  -0.8262475  4.143031  1.262520e-04  3.102119e-03
XM_048733739.1  -1.7841630  6.107188  1.269687e-04  3.107148e-03
XM_001626176.3  -1.1326204  5.680575  1.302795e-04  3.175366e-03
XM_032364427.2   1.0466603  5.204250  1.312952e-04  3.187322e-03
XM_001640381.3  -1.0830207  7.464123  1.323390e-04  3.199863e-03
XM_032371550.2  -1.0870789  6.894492  1.331530e-04  3.206768e-03
XR_004296070.2  -1.2291638  5.865460  1.355497e-04  3.251586e-03
XM_032367265.2   0.9976772  4.683151  1.396516e-04  3.336793e-03
XM_048726077.1   1.2984061  7.640827  1.408032e-04  3.351117e-03
XM_032375167.2  -1.0845495  4.482057  1.439406e-04  3.412405e-03
XM_048723244.1   1.0494828  6.370736  1.445508e-04  3.413535e-03
XM_048733318.1  -0.8067521  4.245516  1.463337e-04  3.442245e-03
XM_001633843.3   0.9335555  4.507267  1.474492e-04  3.455094e-03
XM_032379762.2   1.0587484  5.279691  1.535144e-04  3.583380e-03
XM_032379332.2   1.0141861  5.643562  1.552221e-04  3.609359e-03
XM_032379062.2  -0.9872562  6.159001  1.576505e-04  3.651834e-03
XM_048733547.1   0.9908666  5.658269  1.589996e-04  3.669081e-03
XM_032365683.2   0.9263557  4.991055  1.623926e-04  3.733184e-03
XM_048720802.1   0.9474692  5.610607  1.710392e-04  3.905625e-03
XM_048729559.1  -0.8790785  4.356362  1.711808e-04  3.905625e-03
XM_032366265.2  -0.9576438  4.335486  1.735218e-04  3.939490e-03
XM_032385174.2  -0.9714488  5.106474  1.739633e-04  3.939490e-03
XM_001630073.3  -0.8011462  4.183238  1.756118e-04  3.961617e-03
XM_001629087.2   0.9857842  5.621208  1.762459e-04  3.961617e-03
XM_001628266.3   0.8051595  4.270202  1.815084e-04  4.064851e-03
XM_001628128.3   0.8921244  5.490223  1.844964e-04  4.116575e-03
XM_032386257.2   0.9961589  5.325161  1.859271e-04  4.121197e-03
XM_032366858.2  -1.1327309  7.710742  1.860616e-04  4.121197e-03
XM_001641749.3   1.0242620  5.053715  1.869452e-04  4.125711e-03
XM_001647486.3   0.9923838  4.345991  1.951683e-04  4.291581e-03
XM_048722456.1   1.0436339  7.465819  1.968587e-04  4.313124e-03
XM_032387288.2  -0.9371389  5.535728  2.020669e-04  4.411309e-03
XM_032363159.2   0.9426165  4.289848  2.048767e-04  4.456619e-03
XM_032382712.2   0.9611325  4.322320  2.104964e-04  4.562510e-03
XM_048724725.1   0.9200131  5.093588  2.119366e-04  4.577378e-03
XM_048720920.1  -1.2651161  4.760730  2.160875e-04  4.650478e-03
XM_048723441.1   0.8890008  5.107725  2.187170e-04  4.690436e-03
XM_032367590.2   0.9338858  5.361525  2.227940e-04  4.761046e-03
XM_048731280.1   1.1866253  9.043477  2.283275e-04  4.862175e-03
XM_048722130.1  -1.0498452  7.431427  2.309994e-04  4.901872e-03
XM_048726173.1   1.2084861  8.175430  2.418609e-04  5.114473e-03
XM_001628583.3   0.9963384  4.661552  2.442112e-04  5.146242e-03
XM_032382123.2  -1.0246625  6.616511  2.452073e-04  5.149353e-03
XM_048725998.1   1.3471428  5.602182  2.538156e-04  5.311748e-03
XM_001633796.3   1.0086622  5.387934  2.594476e-04  5.397708e-03
XM_048721326.1  -0.9982841  4.649111  2.597019e-04  5.397708e-03
XM_048722628.1  -0.9104141  4.371404  2.630680e-04  5.448086e-03
XM_001636034.3  -1.1687970  5.323099  2.639211e-04  5.448086e-03
XM_032375357.2  -0.9693854  5.086824  2.673693e-04  5.500557e-03
XM_032370047.2   0.7998374  4.411540  2.724139e-04  5.585406e-03
XM_001634542.3  -0.8212596  4.436879  2.766239e-04  5.652629e-03
XM_032384885.2  -0.8854879  4.292397  2.792375e-04  5.686886e-03
XM_048729010.1  -0.9089248  5.578815  2.851957e-04  5.775454e-03
XM_032363570.2   0.9584041  6.883772  2.854896e-04  5.775454e-03
XM_048721305.1   1.4606645  7.628534  2.868017e-04  5.782722e-03
XM_048720024.1   0.8935671  4.998127  2.881081e-04  5.789828e-03
XM_048721253.1  -0.8876854  4.121104  2.959056e-04  5.926901e-03
XM_048728389.1   0.9329533  6.140475  2.986769e-04  5.941504e-03
XM_048728988.1   1.0925998 10.464389  2.990844e-04  5.941504e-03
XM_001619813.3  -1.0021714  4.704774  2.995716e-04  5.941504e-03
XM_001629597.3  -1.0348217  8.457639  3.015472e-04  5.961205e-03
XM_048719979.1  -0.9836692  6.702083  3.079956e-04  6.031444e-03
XM_048732822.1  -0.9970618  6.681624  3.088778e-04  6.031444e-03
XM_032379789.2  -0.8760198  5.594919  3.094663e-04  6.031444e-03
XM_032363538.2   0.9854474  8.387619  3.100152e-04  6.031444e-03
XM_048721531.1  -1.1765051  4.837677  3.110096e-04  6.031444e-03
XM_048725785.1  -0.9875999  5.122561  3.111506e-04  6.031444e-03
XM_032370281.2  -1.1877318  7.963875  3.120569e-04  6.031444e-03
XM_032379211.2   0.7928186  4.364382  3.299052e-04  6.356174e-03
XM_048733407.1  -1.1629965  5.629063  3.360290e-04  6.453671e-03
XM_001640912.3   1.0591325  7.247865  3.473621e-04  6.650286e-03
XM_001633518.3   1.0404664  4.698700  3.488831e-04  6.658401e-03
XM_048729633.1  -0.8019512  4.561673  3.516584e-04  6.669623e-03
XM_001625714.3   0.8579407  5.344909  3.522761e-04  6.669623e-03
XM_048723760.1  -1.0882364  5.449959  3.527680e-04  6.669623e-03
XR_004297331.2  -1.0685104  6.828707  3.582346e-04  6.751944e-03
XM_032378741.2   2.2450786  6.888721  3.664919e-04  6.886190e-03
XM_048729791.1   1.2105435  7.824435  3.743013e-04  6.994883e-03
XR_007314261.1  -1.3388899  8.802645  3.745818e-04  6.994883e-03
XM_048732700.1   0.8319128  5.214953  3.805638e-04  7.070936e-03
XM_048729736.1  -0.9099375  5.294890  3.824354e-04  7.070936e-03
XM_001633659.3  -1.0013330  6.620709  3.848422e-04  7.070936e-03
XM_001631518.3   0.9046012  5.535018  3.856781e-04  7.070936e-03
XM_032371824.2  -0.9729853  7.015657  3.867716e-04  7.070936e-03
XR_007306989.1  -1.1215474  5.477320  3.883547e-04  7.070936e-03
XM_032377681.2   1.0436362  5.099146  3.886107e-04  7.070936e-03
XM_048729205.1  -1.3734288  5.965923  3.889074e-04  7.070936e-03
XM_032382727.2   1.0239132  6.497133  3.891403e-04  7.070936e-03
XR_007308206.1  -1.1540841  6.313550  3.925119e-04  7.110910e-03
XM_048723477.1   0.9725380  6.619398  4.017183e-04  7.236613e-03
XM_048728488.1  -1.1155819  7.853416  4.018353e-04  7.236613e-03
XM_048721863.1   0.7675303  4.150715  4.103148e-04  7.367458e-03
XM_048728498.1  -1.3980386  5.264104  4.119102e-04  7.374287e-03
XM_001630411.3  -0.8758359  5.353983  4.208556e-04  7.512272e-03
XM_032364762.2  -0.8053818  4.178425  4.278528e-04  7.614776e-03
XM_032383259.2  -0.9802789  6.117162  4.298100e-04  7.627243e-03
XR_007314072.1  -1.0943018  5.548414  4.329719e-04  7.656078e-03
XM_001635222.3   0.8613680  5.712244  4.339580e-04  7.656078e-03
XM_001640140.3   1.0415443 11.755848  4.436412e-04  7.802871e-03
XM_048732033.1  -1.0816017  4.400165  4.448498e-04  7.802871e-03
XM_032379829.2  -0.9089469  6.441552  4.506132e-04  7.881186e-03
XM_032382011.2  -0.8070948  4.674972  4.576687e-04  7.981585e-03
XM_032378053.2  -0.9103720  5.168050  4.590617e-04  7.982938e-03
XM_032376414.2   0.8985938  5.453218  4.718362e-04  8.176578e-03
XM_032383977.2  -0.8641209  6.260691  4.728915e-04  8.176578e-03
XM_048731564.1   0.9730977  9.254367  4.794878e-04  8.267078e-03
XM_001625226.3  -0.9134183  4.745804  4.817896e-04  8.283233e-03
XM_032375101.2  -0.8424251  4.458137  4.887949e-04  8.363626e-03
XM_001636428.3  -2.1109005  6.742520  4.892218e-04  8.363626e-03
XM_032381131.2   0.9918083  5.253605  4.946065e-04  8.431929e-03
XM_001635264.3   0.8204453  5.493059  4.997786e-04  8.496236e-03
XM_048720611.1  -0.8884209  4.375814  5.071342e-04  8.597200e-03
XM_001637279.3  -0.9698089  8.219962  5.091643e-04  8.607572e-03
XM_032381281.2  -0.7525448  4.231288  5.341049e-04  9.004118e-03
XM_001627857.3   0.9767961  4.835040  5.458315e-04  9.154954e-03
XM_048720649.1  -0.9646268  4.796272  5.460691e-04  9.154954e-03
XM_032375534.2   0.9377162  4.366047  5.568644e-04  9.310221e-03
XM_048723167.1   0.8572195  5.214519  5.673797e-04  9.459966e-03
XM_032378782.2  -0.7665161  4.184842  5.712448e-04  9.498314e-03
XM_032379717.2  -0.7365537  4.250675  5.746526e-04  9.526421e-03
XM_032381920.2  -1.2629535  5.460866  5.797227e-04  9.526421e-03
XM_032364001.2   0.8373650  4.984335  5.799880e-04  9.526421e-03
XM_048727062.1  -1.0438045  7.597617  5.807550e-04  9.526421e-03
XM_032379946.2  -1.2294876  6.447880  5.807836e-04  9.526421e-03
XM_001640047.3   0.9003142  4.279153  5.851955e-04  9.572915e-03
XM_001622639.3   0.9980987  5.401853  5.900266e-04  9.625998e-03
XM_048720311.1   1.0712306  8.956794  5.926404e-04  9.642720e-03
XM_032384120.2  -0.7651262  4.002469  5.972975e-04  9.692509e-03
XM_001637865.3  -1.0126842  8.404636  6.064155e-04  9.814229e-03
XM_001641466.3   0.9172213  6.433834  6.164271e-04  9.949723e-03
XM_048721893.1  -0.8215380  4.309439  6.188519e-04  9.962367e-03

## NH (43)
Comparison of groups:  6-5 
                    logFC    logCPM       PValue          FDR
XM_032369564.2 -1.9666297  6.734691 2.438633e-09 9.092540e-06
XM_048731718.1 -2.1187421  6.065340 3.258975e-09 9.092540e-06
XR_004295687.2  1.6247584  5.175702 2.446289e-08 4.550097e-05
XM_001628020.3 -1.4943317  5.486988 4.977106e-08 6.943063e-05
XM_032382924.2 -1.2980176  4.589324 8.027548e-08 8.958744e-05
XM_032381836.2  1.8152281  6.634765 1.132994e-07 1.045261e-04
XM_048733772.1 -1.5786778  5.195884 1.311259e-07 1.045261e-04
XM_032364762.2 -1.3321351  4.654509 1.748793e-07 1.219783e-04
XM_048725094.1 -1.1359104  4.331255 2.050139e-07 1.271086e-04
XM_001636034.3 -1.2593513  5.022944 6.792065e-07 3.633247e-04
XM_048725419.1  2.6358722  7.545180 7.162315e-07 3.633247e-04
XM_001641466.3  1.9966084  6.236027 1.355128e-06 5.371623e-04
XM_001627599.3 -1.6693738  7.255495 1.396551e-06 5.371623e-04
XM_048723501.1  1.8519985  5.234450 1.434435e-06 5.371623e-04
XM_032384424.2  1.4160722  4.612286 1.443985e-06 5.371623e-04
XM_001632539.3  2.2779405  6.482279 3.884028e-06 1.354555e-03
XM_001624935.3 -1.1005196  4.526330 4.951881e-06 1.625382e-03
XM_048730410.1 -1.2653768  5.067511 6.989412e-06 1.935542e-03
XM_032371878.2  1.7408792  5.152801 7.449176e-06 1.935542e-03
XM_032373961.2  1.2887161  6.107540 7.480961e-06 1.935542e-03
XM_048729070.1  1.7154057  9.788018 7.553785e-06 1.935542e-03
XM_001622599.3 -1.1192740  4.528307 7.631171e-06 1.935542e-03
XM_001629293.3  2.1783384  5.954073 1.622765e-05 3.936969e-03
XM_048727740.1  1.0313931  4.540653 1.724222e-05 4.008817e-03
XM_001639572.3 -1.4263466  6.137799 1.821363e-05 4.065282e-03
XM_032372917.2  1.0802371  4.859857 1.960561e-05 4.207665e-03
XM_032386556.2  1.6413972  4.916702 2.335850e-05 4.810297e-03
XM_048723557.1 -1.8666421  6.405858 2.413769e-05 4.810297e-03
XM_032385144.2 -1.2564114  5.873819 2.562423e-05 4.900523e-03
XM_032375534.2  0.9426138  4.184058 2.647815e-05 4.900523e-03
XM_001636932.3 -1.1460136  5.484955 2.722513e-05 4.900523e-03
XM_032385537.2  1.5874237  4.864580 3.092509e-05 5.392563e-03
XM_048726238.1  1.3447040  5.805848 3.503577e-05 5.857430e-03
XM_032372536.2  1.2829752  5.071198 3.569044e-05 5.857430e-03
XM_048729334.1 -1.2303322  5.886292 3.844439e-05 5.926691e-03
XM_048720799.1  1.2477937  6.026533 3.860173e-05 5.926691e-03
XM_032379332.2  1.0440208  5.351042 3.979070e-05 5.926691e-03
XM_048734688.1 -1.6432025 10.863386 4.036098e-05 5.926691e-03
XM_032381469.2  1.2969279  5.907940 4.381648e-05 6.269127e-03
XM_032365761.2 -1.1655235  5.880329 4.792312e-05 6.685276e-03
XM_048726145.1  1.6595311  6.810551 6.081099e-05 8.218041e-03
XM_048726018.1 -1.3146491  7.097237 6.272561e-05 8.218041e-03
XM_048728999.1  1.3743175  6.701653 6.332899e-05 8.218041e-03

## FIELD (25)
Comparison of groups:  8-7 
                    logFC    logCPM       PValue          FDR
XM_001629965.3 -1.5657514  5.647559 3.650538e-09 2.367009e-05
XM_032366283.2 -1.3245417  5.897205 1.870056e-07 4.355464e-04
XM_032384803.2 -1.2809979  5.380560 2.015174e-07 4.355464e-04
XM_048734625.1  1.4844071  5.352004 2.954470e-07 4.789195e-04
XM_048732439.1  2.1442767  6.836158 4.538859e-07 5.885993e-04
XM_032381131.2 -1.1922508  4.860413 6.435999e-07 6.955170e-04
XM_032385682.2  1.2972765  4.912543 8.497537e-07 7.165852e-04
XM_032377463.2  1.1410970  4.667916 8.841273e-07 7.165852e-04
XM_032371824.2  1.3306695  6.132322 1.178623e-06 8.491323e-04
XM_048725001.1  1.5960448  5.680421 3.487411e-06 2.261237e-03
XM_048724214.1  1.5095025 10.034404 4.675846e-06 2.534168e-03
XM_048726145.1 -1.4525989  6.442169 4.690008e-06 2.534168e-03
XM_048733179.1 -1.4080892  5.423451 8.937601e-06 4.457800e-03
XM_001634132.3  0.9676553  4.249584 1.280890e-05 5.932350e-03
XM_048726383.1 -1.3334057  6.786362 1.594669e-05 6.575527e-03
XM_001632982.3  1.8629279  9.872144 1.696922e-05 6.575527e-03
XM_048719951.1  1.1544914  4.730753 1.723997e-05 6.575527e-03
XM_001629432.3 -1.1268505  6.231575 1.936917e-05 6.717308e-03
XM_048723130.1 -1.1745323  5.025509 1.968366e-05 6.717308e-03
XM_032366282.2 -1.0978192  5.798866 2.111644e-05 6.845951e-03
XM_032386219.2 -1.1769765  6.325145 2.542572e-05 7.692210e-03
XM_032364280.2 -1.2176612  4.948097 2.609942e-05 7.692210e-03
XM_032381223.2 -1.4565155  6.041610 2.763606e-05 7.790965e-03
XR_007306796.1  1.8542705  7.648405 2.905258e-05 7.849040e-03
XM_001636455.3  1.3191173  5.548957 3.088267e-05 8.009730e-03

## MA  (25)
Comparison of groups:  10-9 
                   logFC   logCPM       PValue          FDR
XM_001632539.3  2.076712 5.711239 7.967054e-08 0.0004726853
XR_007306819.1  2.404920 6.798922 5.381129e-07 0.0010761062
XR_004292988.2 -2.268902 5.741252 6.448558e-07 0.0010761062
XM_032385756.2 -1.804647 5.574414 7.255056e-07 0.0010761062
XM_001628020.3 -1.381674 5.665028 1.452901e-06 0.0017240125
XM_001635041.3  1.758229 5.341432 2.984661e-06 0.0025942608
XM_001625470.3  2.195243 5.861312 3.366789e-06 0.0025942608
XM_001636932.3 -1.383486 5.902740 3.498076e-06 0.0025942608
XM_001631917.3 -1.510364 5.846985 4.692756e-06 0.0030935692
XM_032378581.2 -1.080576 4.431544 6.593336e-06 0.0037161800
XM_032362107.2 -1.165157 4.406379 6.889934e-06 0.0037161800
XM_048724741.1  2.067837 8.818108 8.293342e-06 0.0041003665
XM_001637875.3  1.334595 4.721522 9.014990e-06 0.0041143028
XM_048721533.1 -1.218334 4.709516 1.065761e-05 0.0045165426
XM_048730053.1  1.947393 8.045215 1.163205e-05 0.0046008634
XM_032362443.2 -1.172255 4.568962 1.261979e-05 0.0046233735
XM_001630092.3  3.699063 7.211042 1.453200e-05 0.0046233735
XM_048721527.1 -1.573339 6.079474 1.461118e-05 0.0046233735
XR_004294420.2 -1.055733 4.313111 1.480602e-05 0.0046233735
XM_048733907.1 -1.298545 4.741525 1.774546e-05 0.0050253121
XM_032364263.2 -1.498300 6.721095 1.778722e-05 0.0050253121
XM_032365359.2  1.372050 4.815168 2.875972e-05 0.0077559731
XM_048730855.1  1.031667 4.527589 3.142796e-05 0.0081028433
XM_032379762.2  1.587634 5.526159 3.279348e-05 0.0081028433
XM_001631945.2  1.923654 5.541921 3.414311e-05 0.0081028433

## SC (43)
Comparison of groups:  12-11 
                   logFC   logCPM       PValue          FDR
XR_007305401.1 -3.101414 9.001698 1.180916e-11 6.128952e-08
XR_007305681.1 -3.760850 9.692548 4.374080e-09 8.840601e-06
XM_048731672.1 -2.806722 6.700115 5.110174e-09 8.840601e-06
XM_001634477.3 -1.850064 5.171798 7.431143e-09 9.641908e-06
XR_004292988.2 -3.915200 7.722952 2.800029e-08 2.620192e-05
XM_032381817.2 -2.222290 6.687963 3.029123e-08 2.620192e-05
XM_032381798.2 -1.943568 7.079904 1.481661e-07 9.631213e-05
XM_032370603.2 -1.882420 6.731040 1.484580e-07 9.631213e-05
XM_032375039.2 -1.050644 4.223944 2.934794e-07 1.625657e-04
XR_007307226.1 -2.309364 5.515151 3.443133e-07 1.625657e-04
XM_048726115.1 -1.589966 4.846021 3.445516e-07 1.625657e-04
XR_007306627.1 -3.684187 8.381851 1.947599e-06 8.332097e-04
XM_048727377.1 -1.266934 4.880725 2.087038e-06 8.332097e-04
XM_048723243.1 -1.982219 7.322392 2.686404e-06 9.958884e-04
XM_048731381.1 -1.818440 8.177804 3.240818e-06 1.057360e-03
XM_001637966.3 -1.784611 8.050524 3.791751e-06 1.057360e-03
XM_048731023.1  1.703660 6.250633 3.882495e-06 1.057360e-03
XM_048731718.1 -1.799246 6.641761 4.214655e-06 1.057360e-03
XM_048734697.1 -1.313337 5.469580 4.767289e-06 1.057360e-03
XM_048731326.1 -1.463475 4.935398 4.806145e-06 1.057360e-03
XR_007306626.1 -1.265522 4.478307 4.813324e-06 1.057360e-03
XM_001638417.3  1.616087 5.980516 4.826988e-06 1.057360e-03
XM_048724741.1  2.515845 8.792676 4.877929e-06 1.057360e-03
XM_048720927.1 -1.610730 8.628281 4.889525e-06 1.057360e-03
XM_001636428.3 -2.877673 8.403195 8.937917e-06 1.855511e-03
XM_032378265.2  1.194068 4.995819 1.251194e-05 2.497577e-03
XM_048734254.1 -2.034042 8.306756 1.335169e-05 2.566492e-03
XM_048731952.1 -1.983230 6.142011 1.397499e-05 2.590365e-03
XR_004292730.1 -3.054666 7.657987 2.367246e-05 4.236553e-03
XM_048725419.1  2.068411 7.095714 2.894464e-05 4.946250e-03
XM_032371824.2 -1.661427 6.388964 3.061015e-05 4.946250e-03
XM_048725205.1 -1.619121 5.238951 3.061688e-05 4.946250e-03
XM_048730561.1 -1.029244 4.485798 3.145014e-05 4.946250e-03
XM_032367576.2  1.333356 6.170037 4.021354e-05 6.138478e-03
XR_007307117.1  1.141536 4.749399 5.169919e-05 7.666252e-03
XR_007307495.1 -1.510972 4.834041 5.577876e-05 7.937261e-03
XM_001631087.3  1.473842 5.957658 5.658548e-05 7.937261e-03
XM_032366754.2  1.265703 5.566990 6.054531e-05 7.960720e-03
XM_001633659.3 -1.450518 7.132233 6.118027e-05 7.960720e-03
XM_032382501.2  1.432104 7.251700 6.135430e-05 7.960720e-03
XM_048728941.1 -1.896753 7.983422 6.508121e-05 8.238329e-03
XM_032387003.2  1.175691 6.445463 7.136726e-05 8.818954e-03
XM_001626957.3  2.085009 8.134177 7.834037e-05 9.455500e-03

## FL (12)
Comparison of groups:  14-13 
                   logFC   logCPM       PValue          FDR
XR_007306819.1  3.270485 8.723267 2.168135e-07 0.0008949180
XM_048721243.1  1.841075 5.818669 3.606359e-07 0.0008949180
XM_048724741.1  2.130050 8.695316 8.306961e-07 0.0009518115
XM_048731718.1 -2.027117 7.221186 1.057196e-06 0.0009518115
XR_007306253.1 -1.911356 5.863803 1.129959e-06 0.0009518115
XM_001631917.3 -1.452546 5.758168 1.150689e-06 0.0009518115
XM_032382958.2 -1.243050 4.860036 6.990834e-06 0.0047238136
XM_001635407.3  1.870840 5.961413 7.614449e-06 0.0047238136
XM_001632539.3  1.919081 5.625528 1.078991e-05 0.0059500375
XM_032363830.2 -1.194237 4.922215 1.520858e-05 0.0075480196
XM_032385697.2 -1.724835 6.178259 1.713220e-05 0.0077297378
XM_048733319.1 -1.965794 5.254745 2.351029e-05 0.0097234641

